初始化值：5，5，4

第 1 轮 选择了臂 A	4
第 2 轮 选择了臂 B	4
第 3 轮 选择了臂 C	5
第 4 轮 选择了臂 A	5
第 5 轮 选择了臂 B	4
第 6 轮 选择了臂 C	3
第 7 轮 选择了臂 A	4
第 8 轮 选择了臂 B	3
第 9 轮 选择了臂 B	6
第 10 轮 选择了臂 B	6

————————————————————————————————————————————————————
每个臂的均值:
臂 A: 10.0
臂 B: 11.0
臂 C: 12.0
臂 D: 13.0
臂 E: 14.0

设置摘要:
现在有臂数量:   5
手动设定均值:   是
随机生成范围:   10.0 到 15.0
是否生成小数:   是
小数点后位数:   3

13, 12, 13, 13, 11, 13, 14, 11, 12, 11, 12, 11, 10, 11, 12, 12, 13, 11, 11, 12
14, 14, 14, 10, 12, 11, 13, 11, 13, 13, 11, 10, 11, 11, 12, 11, 13, 11, 10, 13
14, 11, 12, 11, 10, 10, 11, 13, 13, 10, 12, 11, 10, 11, 13, 13, 12, 12, 11, 13
13, 11, 11, 13, 12, 11, 11, 12, 13, 11, 12, 12, 11, 14, 14, 12, 12, 12, 10, 12
10, 13, 12, 10, 11, 13, 11, 10, 13, 11, 12, 13, 12, 11, 10, 12, 14, 13, 10, 13

————————————————————————————————————————————————————
每个臂的均值:
臂 A: 5.0	【6.75】
臂 B: 6.0	【6.95】
臂 C: 7.0	【6.82】
臂 D: 8.0	【7.21】
臂 E: 9.0 	【7.02】

设置摘要:
现在有臂数量:   5
手动设定均值:   是
随机生成范围:   5.0 到 9.0
是否生成小数:   是
小数点后位数:   2

奖励生成设置:
每臂需随机生成几次数值（输入正整数）：30

生成的奖励值:
6.65, 6.24, 6.22, 6.48, 8.8, 6.19, 5.79, 5.05, 7.76, 5.14, 5.67, 6.68, 7.7, 5.62, 8.88, 6.61, 5.73, 6.88, 6.48, 8.39, 7.75, 7.34, 6.92, 5.5, 8.95, 6.91, 5.66, 8.26, 7.22, 5.08
5.98, 7.36, 6.97, 5.34, 8.41, 6.6, 8.79, 6.79, 6.5, 5.24, 7.16, 5.72, 8.26, 6.05, 8.8, 8.95, 8.37, 5.14, 7.71, 6.02, 6.67, 6.02, 7.67, 8.49, 6.39, 8.12, 5.61, 6.22, 7.87, 5.46
5.9, 8.83, 5.56, 7.64, 6.84, 5.99, 8.3, 7.83, 8.03, 8.56, 7.46, 5.37, 6.36, 6.68, 6.26, 6.2, 7.9, 6.03, 7.57, 5.29, 5.15, 6.53, 8.74, 6.65, 7.05, 6.05, 5.46, 7.57, 6.62, 6.46
7.2, 6.4, 6.29, 5.78, 8.05, 6.18, 7.54, 8.77, 5.94, 5.81, 8.52, 5.3, 8.02, 6.31, 7.49, 6.98, 8.66, 5.19, 8.01, 7.38, 8.66, 5.57, 7.46, 8.6, 8.62, 8.88, 5.57, 5.92, 8.91, 8.36
6.77, 5.25, 7.61, 7.9, 6.76, 7.34, 6.89, 8.38, 7.03, 5.64, 8.23, 7.4, 7.0, 5.31, 8.52, 6.72, 8.62, 8.57, 8.6, 5.94, 5.13, 7.04, 6.23, 7.32, 7.04, 5.86, 6.47, 8.8, 5.71, 6.63
